{
 "cells": [
  {
   "cell_type": "code",
   "execution_count": 1,
   "metadata": {
    "_cell_guid": "9b99006d-c268-4900-948e-52be8447a0dd",
    "_uuid": "de4d121f-c013-40e0-a00b-246bc2b04a9e"
   },
   "outputs": [
    {
     "name": "stdout",
     "output_type": "stream",
     "text": [
      "/kaggle/input/X.csv\n"
     ]
    }
   ],
   "source": [
    "# This Python 3 environment comes with many helpful analytics libraries installed\n",
    "# It is defined by the kaggle/python docker image: https://github.com/kaggle/docker-python\n",
    "# For example, here's several helpful packages to load in \n",
    "\n",
    "import numpy as np # linear algebra\n",
    "import pandas as pd # data processing, CSV file I/O (e.g. pd.read_csv)\n",
    "import sys\n",
    "\n",
    "# Input data files are available in the \"../input/\" directory.\n",
    "# For example, running this (by clicking run or pressing Shift+Enter) will list all files under the input directory\n",
    "\n",
    "import os\n",
    "for dirname, _, filenames in os.walk('/kaggle/input'):\n",
    "    for filename in filenames:\n",
    "        print(os.path.join(dirname, filename))\n",
    "\n",
    "# Any results you write to the current directory are saved as output."
   ]
  },
  {
   "cell_type": "code",
   "execution_count": 2,
   "metadata": {
    "_cell_guid": "f9780fa1-c81a-486e-8f9a-d0163317aa58",
    "_uuid": "f195f418-5286-441b-8d7a-bd2d7077b927"
   },
   "outputs": [
    {
     "data": {
      "text/plain": [
       "'# Test data import\\ndata = np.genfromtxt(sys.argv[1], delimiter = \",\")'"
      ]
     },
     "execution_count": 2,
     "metadata": {},
     "output_type": "execute_result"
    }
   ],
   "source": [
    "sys.argv[1] = \"../input/X.csv\"\n",
    "\n",
    "'''# Test data import\n",
    "data = np.genfromtxt(sys.argv[1], delimiter = \",\")'''"
   ]
  },
  {
   "cell_type": "code",
   "execution_count": 3,
   "metadata": {
    "_cell_guid": "521296a6-7c55-4c10-833f-ceb6d7c2eefc",
    "_uuid": "0af14692-c03a-4b0d-a0d5-24e628002b17"
   },
   "outputs": [],
   "source": [
    "import numpy as np\n",
    "import pandas as pd\n",
    "import scipy as sp\n",
    "import sys\n",
    "\n",
    "\n",
    "def mu_init(data):\n",
    "    # Randomly selects K observations in data as initial cluster centroids \n",
    "    n, d = np.shape(data)\n",
    "    mu = data[np.random.choice(n, size = K, replace = False)]\n",
    "    return mu\n",
    "\n",
    "\n",
    "def KM_eucl_distance_to_centroids(data, mu):\n",
    "    # Returns the matrix of Euclidean distance of each observation to the K centroids (mu)\n",
    "    n, d = np.shape(data)\n",
    "    eucl_distance_to_centroids = np.zeros([n, K])\n",
    "    idx = 0\n",
    "    for centroid in mu:\n",
    "        eucl_distance_to_centroids[:, idx] = np.sqrt(np.sum((data - mu[idx])**2, axis = 1))\n",
    "        idx += 1\n",
    "    return eucl_distance_to_centroids\n",
    "\n",
    "\n",
    "def KM_cluster_assign(eucl_distance_to_centroids):\n",
    "    # returns vector C of cluster assignment for each observation in data. Cluster is assigned as the shortest Euclidean distance to a cluster centroid.\n",
    "    C = np.argmin(eucl_distance_to_centroids, axis=1)\n",
    "    return C\n",
    "\n",
    "\n",
    "def KM_centroids_update(data, C):\n",
    "    # Returns the position for the K centroids based on the clustering in vector C\n",
    "    n, d = np.shape(data)\n",
    "    mu = np.zeros([K, d])\n",
    "    for k in range(K):\n",
    "        data_extract = data[np.where(C == k)[0]]\n",
    "        mu[k] = np.mean(data_extract, axis = 0)\n",
    "    return mu\n",
    "\n",
    "\n",
    "def KM_obj_fun(data, eucl_distance_to_centroids, C):\n",
    "    # Returns the K-mean objective function value\n",
    "    n, d = np.shape(data)\n",
    "    L = 0 # intialization\n",
    "    for i in range(n):\n",
    "        L += eucl_distance_to_centroids[i, C[i]]\n",
    "    return L\n",
    "\n",
    "\n",
    "def KMeans(data):\n",
    "    #perform the algorithm with 5 clusters and 10 iterations...you may try others for testing purposes, but submit 5 and 10 respectively\n",
    "    mu = mu_init(data) # Initialize centroids\n",
    "    L = [] # Initialize objective function (sum over clusters of the Euclidean distances to centroids)\n",
    "    for i in range(ITERATIONS):\n",
    "        dist = KM_eucl_distance_to_centroids(data, mu)\n",
    "        C = KM_cluster_assign(dist)\n",
    "        mu = KM_centroids_update(data, C)\n",
    "        centerslist = mu\n",
    "        L.append((i, KM_obj_fun(data, dist, C)))\n",
    "        filename = \"centroids-\" + str(i+1) + \".csv\" #\"i\" would be each iteration\n",
    "        np.savetxt(filename, centerslist, delimiter=\",\")\n",
    "    return L, C, mu\n",
    "\n",
    "\n",
    "def EMGMM_phi(data, pi, mu, sigma):\n",
    "    n, d = np.shape(data)\n",
    "    phi = np.zeros([n, K])\n",
    "    for i in range(n):\n",
    "        for k in range(K):\n",
    "            phi[i, k] = pi[k] * np.linalg.det(sigma[k])**(-1/2) * np.exp((-1/2) * np.dot(np.dot((data[i] - mu[k]), np.linalg.inv(sigma[k])), np.transpose(data[i] - mu[k])))\n",
    "    phi = phi / np.sum(phi, axis=1)[:, None]\n",
    "    return phi\n",
    "\n",
    "\n",
    "def EMGMM_pi_update(data, phi, n_K):\n",
    "    n, d = np.shape(data)\n",
    "    pi = n_K / n\n",
    "    return pi\n",
    "\n",
    "\n",
    "def EMGMM_mu_update(data, phi, n_K):\n",
    "    n, d = np.shape(data)\n",
    "    mu = np.zeros([K, d])\n",
    "    for k in range(K):\n",
    "        phi_k = phi[:, k]\n",
    "        mu[k] = (1/ n_K[k]) * np.sum(phi_k[:, None] * data, axis=0) \n",
    "    return mu\n",
    "\n",
    "\n",
    "def EMGMM_sigma_update(data, phi, n_K, mu):\n",
    "    n, d = np.shape(data)\n",
    "    sigma = []\n",
    "    for k in range(K):\n",
    "        sigma_sum = np.zeros([d, d])\n",
    "        for i in range(n):\n",
    "            sigma_sum += phi[i, k] * np.dot((data[i]-mu[k]).reshape(d, 1), (data[i]-mu[k]).reshape(1, d))\n",
    "        sigma.append((1 / n_K[k]) * sigma_sum)\n",
    "    return sigma\n",
    "\n",
    "    \n",
    "def EMGMM(data):\n",
    "    # Applies Exppactation-Maximization algorithm to learn a Gaussian Mixture Model\n",
    "    n, d = np.shape(data) # dimensions of the matrix data \n",
    "    \n",
    "    mu = mu_init(data) # initialize mean vectors\n",
    "    pi = np.ones(5) * (1 / K) # initialize prior distribution\n",
    "    sigma = []\n",
    "    for k in range(K): # initialize covariances (sigmak_k) for each cluster\n",
    "        sigma.append(np.eye(d)) \n",
    "    \n",
    "    for i in range(ITERATIONS):\n",
    "        phi = EMGMM_phi(data, pi, mu, sigma)\n",
    "        n_K = np.sum(phi, axis=0)\n",
    "        pi = EMGMM_pi_update(data, phi, n_K)\n",
    "        mu = EMGMM_mu_update(data, phi, n_K)\n",
    "        sigma = EMGMM_sigma_update(data, phi, n_K, mu)\n",
    "        \n",
    "        filename = \"pi-\" + str(i+1) + \".csv\"\n",
    "        np.savetxt(filename, pi, delimiter=\",\")\n",
    "        filename = \"mu-\" + str(i+1) + \".csv\"\n",
    "        np.savetxt(filename, mu, delimiter=\",\")  #this must be done at every iteration\n",
    "        for j in range(K): #K is the number of clusters\n",
    "            filename = \"Sigma-\" + str(j+1) + \"-\" + str(i+1) + \".csv\" #this must be done 5 times (or the number of clusters) for each iteration\n",
    "            np.savetxt(filename, sigma[j], delimiter=\",\")\n",
    "    return pi, mu, sigma,\n",
    "\n",
    "\n",
    "K = 5 # number of clusters\n",
    "ITERATIONS = 10 # number of iterations\n",
    "\n",
    "\n",
    "if __name__ == '__main__':\n",
    "    data = np.genfromtxt(sys.argv[1], delimiter = \",\")\n",
    "    KMeans(data)\n",
    "    EMGMM(data)"
   ]
  },
  {
   "cell_type": "code",
   "execution_count": 4,
   "metadata": {},
   "outputs": [],
   "source": [
    "# data = data[0:15] #create a small dataset for testing purpose"
   ]
  },
  {
   "cell_type": "code",
   "execution_count": 5,
   "metadata": {
    "_cell_guid": "f1833943-e445-4d12-8fdd-32a333135e94",
    "_uuid": "eb2602f3-81c6-4335-bf90-8d4abdcd2baf"
   },
   "outputs": [
    {
     "name": "stdout",
     "output_type": "stream",
     "text": [
      "Objective function for each iteration = \n",
      " [(0, 1065.6523156278733), (1, 880.4921313290795), (2, 871.4848168683961), (3, 867.8528826316434), (4, 866.7398455917674), (5, 866.4627795919249), (6, 866.5782764401727), (7, 866.6841256628805), (8, 866.7937133499829), (9, 866.8531063439523)] \n",
      "\n",
      "Final clustering = \n",
      " [2 2 1 1 0 1 1 1 0 3 0 3 2 2 2 0 4 2 0 2 0 3 1 1 4 2 2 4 1 2 2 2 0 3 1 4 4\n",
      " 1 2 1 3 1 3 3 3 1 1 4 3 2 3 2 0 4 1 1 2 4 2 0 2 1 1 1 4 1 4 1 4 1 1 2 3 2\n",
      " 4 0 4 2 1 3 4 4 1 4 4 1 4 1 3 4 1 1 2 2 0 1 2 4 2 3 3 1 0 1 1 2 3 1 4 0 3\n",
      " 4 3 4 2 3 0 3 4 4 0 3 0 4 0 1 1 4 4 1 4 0 0 0 3 3 0 0 3 1 3 1 3 1 3 3 3 2\n",
      " 3 0 4 3 1 3 3 4 3 1 0 1 4 1 3 4 4 1 2 3 2 4 3 1 1 1 4 3 4 4 3 1 1 0 0 4 2\n",
      " 3 3 1 0 1 2 2 1 3 3 1 4 2 1 3 2 3 2 1 4 1 3 1 4 4 4 2 3 1 1 0 1 1 0 2 3 4\n",
      " 2 1 2 1 3 4 3 2 1 2 1 1 3 3 0 3 4 1 2 0 1 1 1 4 1 0 4 3 4 1 2 2 1 3 1 3 4\n",
      " 0 4 0 3 0 1 0 2 0 3 0 3 4 2 2 0 1 4 3 1 3 4 4 2 0 3 1 0 3 4 3 2 1 1 1 1 4\n",
      " 3 4 4 3 1 2 2 1 2 1 3 2 1 2 1 1 4 0 3 4 2 3 2 1 3 1 3 1 4 0 2 0 0 4 3 2 1\n",
      " 3 1 0 2 1 3 4 0 2 0 2 4 1 3 4 2 2 4 1 0 1 4 1 3 4 3 4 1 0 0 1 0 0 3 3 4 3\n",
      " 4 2 0 0 3 2 0 3 1 3 1 1 3 4 1 2 0 3 3 1 0 1 0 1 4 0 4 0 1 0 3 2 3 1 2 0 4\n",
      " 2 0 2 4 3 0 0 3 2 1 1 1 0 2 4 3 1 0 3 0 1 1 3 2 0 0 0 0 1 1 3 3 1 4 1 3 3\n",
      " 4 1 0 4 0 4 1 1 4 2 4 0 1 1 2 1 3 3 3 4 4 2 1 1 4 3 2 1 1 3 4 2 4 4 2 0 4\n",
      " 4 1 0 0 4 3 3 1 3 4 1 1 2 3 3 1 2 2 3 2 0 2 1 3 3 4 0 0 1 2 1 4 2 1 2 1 2\n",
      " 3 3 1 2 2 1 2 0 0 3 3 1 3 1 4 4 4 4 2 2 0 3 4 1 1 4 4 3 3 1 0 1 1 2 4 3 3\n",
      " 2 1 1 1 3 2 2 2 4 3 0 2 2 0 3 0 1 2 1 3 0 3 3 1 4 4 0 3 1 1 1 1 1 2 3 4 1\n",
      " 1 0 4 4 1 3 2 3 1 3 2 1 0 4 4 4 0 1 4 0 3 1 4 1 3 1 3 1 3 0 2 3 4 1 0 2 1\n",
      " 3 1 1 1 2 1 4 0 4 1 1 2 3 3 1 0 1 1 1 3 0 3 1 1 1 2 2 4 4 1 3 2 4 2 3 4 2\n",
      " 0 0 1 3 1 2 4 1 1 1 1 2 4 1 1 1 0 1 0 2 3 3 1 3 1 4 1 1 0 3 0 3 1 4 4 0 0\n",
      " 3 1 1 1 0 1 1 0 3 1 3 1 1 1 2 2 2 3 1 0 4 1 0 3 0 3 0 4 3 4 2 1 1 3 2 0 3\n",
      " 0 0 3 3 4 3 1 3 1 4 2 1 0 4 0 4 1 1 4 1 0 4 3 4 0 4 1 0 3 4 0 1 4 1 1 0 3\n",
      " 0 1 1 2 2 3 1 1 2 2 3 3 0 2 2 0 1 3 0 1 1 2 2 1 0 2 4 0 2 3 2 2 0 3 0 0 4\n",
      " 2 4 2 4 2 2 0 3 3 0 4 4 4 1 2 0 4 3 1 1 2 2 0 3 1 4 4 4 4 1 1 0 1 1 4 1 3\n",
      " 0 3 0 0 1 0 2 3 2 2 3 2 3 1 1 2 0 1 4 3 1 4 4 1 4 0 1 1 0 3 1 0 2 0 2 1 1\n",
      " 0 1 3 3 2 1 1 1 0 1 1 4 4 2 0 3 4 4 1 2 4 4 1 0 1 4 3 2 0 4 1 1 0 1 4 4 2\n",
      " 2 0 1 3 3 4 2 4 1 1 4 4 0 0 0 0 3 2 3 3 3 1 1 3 0 1 2 0 4 4 2 0 1 1 3 2 4\n",
      " 1 2 3 3 0 3 3 1 3 3 1 3 0 1 4 3 1 0] \n",
      "\n",
      "Final centroids = \n",
      " [[0.98439024 1.63804878 1.39506098 0.63981707 1.37365854 2.43432927\n",
      "  3.18408537 2.81213415 1.55597561 2.5997561 ]\n",
      " [0.87465704 1.26830325 0.35620939 0.44509025 0.61537906 1.3133574\n",
      "  3.17523466 2.84761733 1.57740072 3.01595668]\n",
      " [0.80540373 1.32795031 2.35695652 0.55826087 1.10124224 2.11881988\n",
      "  3.19217391 2.7957764  1.56652174 2.52708075]\n",
      " [0.84059406 1.46871287 0.35460396 0.59732673 1.03910891 2.05584158\n",
      "  3.1780198  2.86435644 1.71425743 2.8269802 ]\n",
      " [0.97806818 1.10863636 1.21863636 0.47210227 0.78409091 1.62840909\n",
      "  3.18005682 2.83897727 1.40590909 2.86107955]] \n",
      "\n"
     ]
    }
   ],
   "source": [
    "# Test K-means clustering\n",
    "L, C, mu = KMeans(data)\n",
    "print('Objective function for each iteration = \\n', L, '\\n')\n",
    "print('Final clustering = \\n', C, '\\n')\n",
    "print('Final centroids = \\n', mu, '\\n')"
   ]
  },
  {
   "cell_type": "code",
   "execution_count": 6,
   "metadata": {},
   "outputs": [
    {
     "name": "stdout",
     "output_type": "stream",
     "text": [
      "Final pi = \n",
      " [0.00683575 0.56630608 0.18852039 0.15473363 0.08360414] \n",
      "\n",
      "Final mu = \n",
      " [[0.71294927 1.46013881 0.34719263 0.47630234 1.49651464 1.68399278\n",
      "  3.17358776 2.87793949 2.83863643 2.98769753]\n",
      " [0.88355303 1.29217022 0.81656485 0.49637454 0.89287401 1.81726171\n",
      "  3.18       2.84905867 1.56995787 2.79954002]\n",
      " [0.96590878 1.349163   2.00899277 0.54434479 1.07509298 2.14465993\n",
      "  3.19038433 2.80080248 1.54499942 2.57034077]\n",
      " [0.82671872 1.30505603 0.37051221 0.38516396 0.81304911 1.45449325\n",
      "  3.17005899 2.83873186 1.47643983 3.19838214]\n",
      " [0.9323005  1.84902855 1.34491366 1.02777543 1.14087547 2.06794884\n",
      "  3.18673601 2.80719846 1.68937891 2.55903416]] \n",
      "\n",
      "Final sigma= \n",
      " [array([[ 8.41281469e-03,  1.79253143e-03,  7.39122779e-03,\n",
      "         1.06775166e-03, -5.43690041e-03, -6.85518860e-03,\n",
      "        -1.45767248e-04, -2.49666883e-03,  6.77032015e-03,\n",
      "         1.00996059e-02],\n",
      "       [ 1.79253143e-03,  9.29373704e-02,  5.52591777e-02,\n",
      "         7.32775251e-03, -1.17985300e-01, -3.76324953e-02,\n",
      "         8.02305348e-04, -2.76249122e-02,  7.27883584e-02,\n",
      "        -1.70246122e-02],\n",
      "       [ 7.39122779e-03,  5.52591777e-02,  6.87017978e-02,\n",
      "         1.20777990e-02, -1.10667197e-01, -2.47742544e-02,\n",
      "         7.26640515e-04, -2.42416956e-02,  2.54338403e-02,\n",
      "        -1.53308627e-02],\n",
      "       [ 1.06775166e-03,  7.32775251e-03,  1.20777990e-02,\n",
      "         9.25368420e-03, -1.36104740e-02,  7.63489914e-03,\n",
      "         1.47934278e-04,  1.11711945e-03, -1.51330513e-02,\n",
      "        -6.98152577e-03],\n",
      "       [-5.43690041e-03, -1.17985300e-01, -1.10667197e-01,\n",
      "        -1.36104740e-02,  4.75557570e-01,  1.91072951e-01,\n",
      "        -2.47915015e-03,  4.30273893e-02, -9.30285585e-02,\n",
      "         6.41491787e-02],\n",
      "       [-6.85518860e-03, -3.76324953e-02, -2.47742544e-02,\n",
      "         7.63489914e-03,  1.91072951e-01,  1.21398563e-01,\n",
      "        -5.57476476e-04,  1.60671700e-02, -6.89591168e-02,\n",
      "        -9.56878651e-04],\n",
      "       [-1.45767248e-04,  8.02305348e-04,  7.26640515e-04,\n",
      "         1.47934278e-04, -2.47915015e-03, -5.57476476e-04,\n",
      "         2.30056565e-05, -1.86614666e-04,  1.16665585e-04,\n",
      "        -9.60743706e-04],\n",
      "       [-2.49666883e-03, -2.76249122e-02, -2.42416956e-02,\n",
      "         1.11711945e-03,  4.30273893e-02,  1.60671700e-02,\n",
      "        -1.86614666e-04,  2.03181088e-02, -3.74441174e-02,\n",
      "         2.44702699e-04],\n",
      "       [ 6.77032015e-03,  7.27883584e-02,  2.54338403e-02,\n",
      "        -1.51330513e-02, -9.30285585e-02, -6.89591168e-02,\n",
      "         1.16665585e-04, -3.74441174e-02,  2.13599951e-01,\n",
      "         1.03550134e-02],\n",
      "       [ 1.00996059e-02, -1.70246122e-02, -1.53308627e-02,\n",
      "        -6.98152577e-03,  6.41491787e-02, -9.56878651e-04,\n",
      "        -9.60743706e-04,  2.44702699e-04,  1.03550134e-02,\n",
      "         5.72349110e-02]]), array([[ 1.04187919e-01, -4.16110063e-02,  1.45101317e-02,\n",
      "         7.63087658e-04, -2.19589189e-02,  5.59375882e-03,\n",
      "        -2.71830362e-31,  5.84618150e-04, -1.05923987e-02,\n",
      "         1.03710019e-03],\n",
      "       [-4.16110063e-02,  2.08122623e-01, -1.14933488e-02,\n",
      "        -1.88845005e-03,  1.88738340e-03,  2.86472213e-02,\n",
      "        -2.25295438e-31, -9.75428123e-03,  8.27217732e-03,\n",
      "         9.13385340e-03],\n",
      "       [ 1.45101317e-02, -1.14933488e-02,  3.12326512e-01,\n",
      "        -1.12730305e-02,  5.63349775e-02,  4.00765472e-02,\n",
      "         1.37256093e-32, -1.35670113e-02, -5.22530769e-02,\n",
      "         1.91365968e-02],\n",
      "       [ 7.63087658e-04, -1.88845005e-03, -1.12730305e-02,\n",
      "         1.40901140e-02,  5.89193701e-03,  1.65332430e-02,\n",
      "         9.90123369e-32,  1.03608673e-03,  3.46282211e-03,\n",
      "        -1.30365148e-02],\n",
      "       [-2.19589189e-02,  1.88738340e-03,  5.63349775e-02,\n",
      "         5.89193701e-03,  2.00373523e-01,  1.29625671e-01,\n",
      "         1.55334808e-31,  3.21864952e-04, -5.76076250e-03,\n",
      "        -1.91600206e-02],\n",
      "       [ 5.59375882e-03,  2.86472213e-02,  4.00765472e-02,\n",
      "         1.65332430e-02,  1.29625671e-01,  2.63516725e-01,\n",
      "        -4.93588902e-31,  4.31373509e-03,  1.48088481e-02,\n",
      "        -3.63919850e-02],\n",
      "       [-2.71830362e-31, -2.25295438e-31,  1.37256093e-32,\n",
      "         9.90123369e-32,  1.55334808e-31, -4.93588902e-31,\n",
      "         1.97215226e-31, -3.60905236e-31,  3.33590052e-32,\n",
      "         8.62137059e-31],\n",
      "       [ 5.84618150e-04, -9.75428123e-03, -1.35670113e-02,\n",
      "         1.03608673e-03,  3.21864952e-04,  4.31373509e-03,\n",
      "        -3.60905236e-31,  1.91330796e-02,  8.96372685e-03,\n",
      "         1.00779104e-03],\n",
      "       [-1.05923987e-02,  8.27217732e-03, -5.22530769e-02,\n",
      "         3.46282211e-03, -5.76076250e-03,  1.48088481e-02,\n",
      "         3.33590052e-32,  8.96372685e-03,  1.18883861e-01,\n",
      "         4.63876114e-04],\n",
      "       [ 1.03710019e-03,  9.13385340e-03,  1.91365968e-02,\n",
      "        -1.30365148e-02, -1.91600206e-02, -3.63919850e-02,\n",
      "         8.62137059e-31,  1.00779104e-03,  4.63876114e-04,\n",
      "         6.05663823e-02]]), array([[ 1.69929609e-01, -2.17602524e-02, -1.65195817e-01,\n",
      "        -1.25389447e-02, -1.70685326e-02, -3.03214509e-03,\n",
      "        -1.66647565e-03,  7.04755667e-03,  1.77049910e-02,\n",
      "         6.11520576e-02],\n",
      "       [-2.17602524e-02,  1.84118444e-01,  2.59922400e-02,\n",
      "         9.26040909e-03,  2.93643681e-02,  5.15210834e-02,\n",
      "         8.37478359e-04, -6.04890450e-03,  1.27667842e-02,\n",
      "        -2.21987084e-02],\n",
      "       [-1.65195817e-01,  2.59922400e-02,  4.73695267e-01,\n",
      "         2.35619500e-02,  6.74982426e-02,  7.88198329e-02,\n",
      "         4.90591970e-03, -9.45326149e-03, -4.66625686e-03,\n",
      "        -1.46888357e-01],\n",
      "       [-1.25389447e-02,  9.26040909e-03,  2.35619500e-02,\n",
      "         8.88899370e-03,  7.03035541e-03,  1.83488364e-02,\n",
      "         3.29155421e-04, -6.64773979e-04,  8.00787508e-04,\n",
      "        -1.35409602e-02],\n",
      "       [-1.70685326e-02,  2.93643681e-02,  6.74982426e-02,\n",
      "         7.03035541e-03,  1.46365437e-01,  1.15725851e-01,\n",
      "         1.12649276e-03, -5.15824731e-04,  1.49434166e-02,\n",
      "        -3.68570337e-02],\n",
      "       [-3.03214509e-03,  5.15210834e-02,  7.88198329e-02,\n",
      "         1.83488364e-02,  1.15725851e-01,  2.70864209e-01,\n",
      "         1.63243842e-03, -9.43050276e-03,  2.58111864e-02,\n",
      "        -5.77659532e-02],\n",
      "       [-1.66647565e-03,  8.37478359e-04,  4.90591970e-03,\n",
      "         3.29155421e-04,  1.12649276e-03,  1.63243842e-03,\n",
      "         7.26303299e-05, -5.80321819e-05,  1.33030391e-04,\n",
      "        -2.01348426e-03],\n",
      "       [ 7.04755667e-03, -6.04890450e-03, -9.45326149e-03,\n",
      "        -6.64773979e-04, -5.15824731e-04, -9.43050276e-03,\n",
      "        -5.80321819e-05,  1.43858525e-02,  1.49741483e-03,\n",
      "         6.90693936e-03],\n",
      "       [ 1.77049910e-02,  1.27667842e-02, -4.66625686e-03,\n",
      "         8.00787508e-04,  1.49434166e-02,  2.58111864e-02,\n",
      "         1.33030391e-04,  1.49741483e-03,  6.91392337e-02,\n",
      "         5.29978167e-03],\n",
      "       [ 6.11520576e-02, -2.21987084e-02, -1.46888357e-01,\n",
      "        -1.35409602e-02, -3.68570337e-02, -5.77659532e-02,\n",
      "        -2.01348426e-03,  6.90693936e-03,  5.29978167e-03,\n",
      "         8.18402213e-02]]), array([[ 4.17341130e-02, -5.24091990e-03,  9.45325414e-03,\n",
      "        -2.41942503e-03,  3.66296583e-03,  1.11634965e-02,\n",
      "        -9.41341812e-05,  3.21294121e-03, -8.54180561e-03,\n",
      "         1.61452684e-02],\n",
      "       [-5.24091990e-03,  5.72051640e-02,  2.80148395e-03,\n",
      "        -7.47225557e-05,  4.89542027e-03,  9.27991162e-03,\n",
      "         6.42776794e-06, -8.77437480e-04,  1.65357429e-02,\n",
      "         3.19908233e-03],\n",
      "       [ 9.45325414e-03,  2.80148395e-03,  6.73535557e-02,\n",
      "         1.40563420e-03,  9.81949334e-03,  2.21881753e-02,\n",
      "         6.60370687e-04,  2.26947367e-03, -1.14453899e-02,\n",
      "        -9.12786733e-03],\n",
      "       [-2.41942503e-03, -7.47225557e-05,  1.40563420e-03,\n",
      "         8.43256414e-03,  3.58664812e-03,  1.13397773e-02,\n",
      "         1.21092956e-04, -5.73335318e-04,  5.10999225e-03,\n",
      "        -5.37014803e-03],\n",
      "       [ 3.66296583e-03,  4.89542027e-03,  9.81949334e-03,\n",
      "         3.58664812e-03,  1.03831203e-01,  8.72378071e-02,\n",
      "        -1.01918520e-05, -1.41452299e-03,  3.13985468e-03,\n",
      "         8.37889368e-03],\n",
      "       [ 1.11634965e-02,  9.27991162e-03,  2.21881753e-02,\n",
      "         1.13397773e-02,  8.72378071e-02,  1.58912434e-01,\n",
      "         4.52297328e-04,  8.83710488e-04, -1.16608033e-02,\n",
      "        -3.72208333e-03],\n",
      "       [-9.41341812e-05,  6.42776794e-06,  6.60370687e-04,\n",
      "         1.21092956e-04, -1.01918520e-05,  4.52297328e-04,\n",
      "         2.24774486e-05,  9.84769269e-05,  1.89412962e-04,\n",
      "        -7.41291738e-04],\n",
      "       [ 3.21294121e-03, -8.77437480e-04,  2.26947367e-03,\n",
      "        -5.73335318e-04, -1.41452299e-03,  8.83710488e-04,\n",
      "         9.84769269e-05,  1.77206486e-02,  1.61925616e-03,\n",
      "        -2.64526411e-04],\n",
      "       [-8.54180561e-03,  1.65357429e-02, -1.14453899e-02,\n",
      "         5.10999225e-03,  3.13985468e-03, -1.16608033e-02,\n",
      "         1.89412962e-04,  1.61925616e-03,  1.37433450e-01,\n",
      "        -1.21215204e-02],\n",
      "       [ 1.61452684e-02,  3.19908233e-03, -9.12786733e-03,\n",
      "        -5.37014803e-03,  8.37889368e-03, -3.72208333e-03,\n",
      "        -7.41291738e-04, -2.64526411e-04, -1.21215204e-02,\n",
      "         5.39643303e-02]]), array([[ 8.52445609e-02, -3.72434845e-02,  4.67147320e-03,\n",
      "         6.51359016e-02, -3.13011067e-02,  3.71744036e-02,\n",
      "         2.78975619e-04, -6.13109907e-03, -1.36941972e-02,\n",
      "        -1.31474818e-02],\n",
      "       [-3.72434845e-02,  5.18609038e-01, -8.21662387e-02,\n",
      "        -7.11659761e-02,  8.66234977e-02, -1.93861235e-02,\n",
      "        -1.12652839e-03, -2.18296330e-02, -4.74050598e-02,\n",
      "         1.39334448e-02],\n",
      "       [ 4.67147320e-03, -8.21662387e-02,  7.08379784e-01,\n",
      "        -2.36548845e-01,  6.46420162e-02,  6.68658928e-02,\n",
      "         5.27695624e-03, -1.58852470e-03,  6.42985010e-02,\n",
      "        -3.52898461e-02],\n",
      "       [ 6.51359016e-02, -7.11659761e-02, -2.36548845e-01,\n",
      "         5.08260630e-01, -5.90219330e-02, -1.81227803e-02,\n",
      "        -1.36020522e-03, -3.28191301e-02, -7.91286712e-02,\n",
      "        -1.48874130e-02],\n",
      "       [-3.13011067e-02,  8.66234977e-02,  6.46420162e-02,\n",
      "        -5.90219330e-02,  2.16312686e-01,  9.39039070e-02,\n",
      "         6.19161317e-04,  2.43311870e-03, -9.50313184e-03,\n",
      "        -2.02754660e-02],\n",
      "       [ 3.71744036e-02, -1.93861235e-02,  6.68658928e-02,\n",
      "        -1.81227803e-02,  9.39039070e-02,  2.36854610e-01,\n",
      "         1.44422905e-03,  2.43667923e-02,  3.47053035e-02,\n",
      "        -2.47380971e-02],\n",
      "       [ 2.78975619e-04, -1.12652839e-03,  5.27695624e-03,\n",
      "        -1.36020522e-03,  6.19161317e-04,  1.44422905e-03,\n",
      "         6.00258417e-05,  1.11804570e-04,  9.55136628e-04,\n",
      "        -9.44343105e-04],\n",
      "       [-6.13109907e-03, -2.18296330e-02, -1.58852470e-03,\n",
      "        -3.28191301e-02,  2.43311870e-03,  2.43667923e-02,\n",
      "         1.11804570e-04,  2.45037840e-02,  3.52222311e-02,\n",
      "         1.08590075e-02],\n",
      "       [-1.36941972e-02, -4.74050598e-02,  6.42985010e-02,\n",
      "        -7.91286712e-02, -9.50313184e-03,  3.47053035e-02,\n",
      "         9.55136628e-04,  3.52222311e-02,  1.92206936e-01,\n",
      "         7.86836339e-03],\n",
      "       [-1.31474818e-02,  1.39334448e-02, -3.52898461e-02,\n",
      "        -1.48874130e-02, -2.02754660e-02, -2.47380971e-02,\n",
      "        -9.44343105e-04,  1.08590075e-02,  7.86836339e-03,\n",
      "         6.11824443e-02]])] \n",
      "\n"
     ]
    }
   ],
   "source": [
    "# Test Expectation-Maximization of Gaussain Mixture Model\n",
    "pi, mu, sigma = EMGMM(data)\n",
    "print('Final pi = \\n', pi, '\\n')\n",
    "print('Final mu = \\n', mu, '\\n')\n",
    "print('Final sigma= \\n', sigma, '\\n')"
   ]
  }
 ],
 "metadata": {
  "kernelspec": {
   "display_name": "Python 3",
   "language": "python",
   "name": "python3"
  },
  "language_info": {
   "codemirror_mode": {
    "name": "ipython",
    "version": 3
   },
   "file_extension": ".py",
   "mimetype": "text/x-python",
   "name": "python",
   "nbconvert_exporter": "python",
   "pygments_lexer": "ipython3",
   "version": "3.6.6"
  }
 },
 "nbformat": 4,
 "nbformat_minor": 4
}
